Ievan Polkka
17150
119
301
1 2 126.05
2 1 252.101
3 3 252.101
4 5 378.151
5 4 126.05
6 3 126.05
7 4 126.05
8 3 126.05
9 2 126.05
10 3 252.101
11 3 126.05

12 5 126.05
13 4 252.101
14 2 252.101
15 2 252.101
16 2 252.101
17 4 252.101
18 3 252.101
19 3 252.101
20 2 126.05

21 2 126.05
22 1 252.101
23 5 252.101
24 3 378.151
25 2 126.05
26 1 252.101
27 2 126.05
28 3 252.101
29 4 126.05
30 5 126.05

31 4 126.05
32 5 126.05
33 5 126.05
34 5 126.05
35 4 126.05
36 3 126.05
37 3 126.05
38 2 252.101
39 3 252.101
40 1 252.101
41 1 252.101
42 1 126.05

43 3 126.05
44 5 252.101
45 5 252.101
46 4 252.101
47 3 252.101
48 2 252.101
49 1 126.05
50 1 252.101
51 1 126.05
52 1 126.05

53 3 126.05
54 5 126.05
55 5 126.05
56 5 126.05
57 5 126.05
58 4 126.05
59 4 126.05
60 3 126.05
61 3 126.05
62 4 252.101
63 1 126.05
64 1 504.202

65 1 126.05
66 5 252.101
67 5 252.101
68 4 252.101
69 3 252.101
70 2 252.101
71 1 252.101
72 1 252.101
73 1 126.05

74 3 126.05
75 5 126.05
76 5 126.05
77 5 126.05
78 5 126.05
79 4 252.101
80 3 252.101
81 4 252.101
82 1 126.05
83 1 504.202

84 2 126.05
85 1 252.101
86 3 252.101
87 5 378.151
88 4 126.05
89 3 126.05
90 4 126.05
91 3 126.05
92 2 126.05
93 3 252.101
94 3 126.05

95 5 126.05
96 4 252.101
97 2 252.101
98 2 252.101
99 2 252.101
100 4 252.101
101 3 252.101
102 3 252.101
103 2 126.05

104 2 126.05
105 1 252.101
106 5 252.101
107 3 378.151
108 2 126.05
109 1 252.101
110 2 126.05
111 3 252.101
112 4 126.05
113 5 126.05

114 4 126.05
115 5 126.05
116 5 126.05
117 5 126.05
118 4 126.05
119 3 126.05
120 3 126.05
121 2 252.101
122 3 252.101
123 1 252.101
124 1 252.101
125 1 126.05

126 3 126.05
127 5 252.101
128 5 252.101
129 4 252.101
130 3 252.101
131 2 252.101
132 1 126.05
133 1 252.101
134 1 126.05
135 1 126.05

136 3 126.05
137 5 126.05
138 5 126.05
139 5 126.05
140 5 126.05
141 4 126.05
142 4 126.05
143 3 126.05
144 3 126.05
145 4 252.101
146 1 126.05
147 1 504.202

148 1 126.05
149 5 252.101
150 5 252.101
151 4 252.101
152 3 252.101
153 2 252.101
154 1 252.101
155 1 252.101
156 1 126.05

157 3 126.05
158 5 126.05
159 5 126.05
160 5 126.05
161 5 126.05
162 4 252.101
163 3 252.101
164 4 252.101
165 1 126.05
166 1 504.202

167 3 126.05
168 1 504.202
169 2 252.101
170 2 252.101
171 3 504.202
172 4 252.101
173 4 252.101

174 5 504.202
175 4 252.101
176 4 252.101
177 3 504.202
178 2 252.101
179 2 252.101

180 3 504.202
181 1 252.101
182 2 252.101
183 3 504.202
184 1 252.101
185 3 252.101

186 1 504.202
187 3 252.101
188 1 252.101
189 5 504.202
190 1 252.101
191 3 126.05

192 4 126.05
193 5 252.101
194 5 252.101
195 4 252.101
196 3 252.101
197 2 252.101
198 1 126.05
199 1 126.05
200 1 252.101
201 1 126.05

202 3 126.05
203 5 126.05
204 5 126.05
205 5 126.05
206 5 126.05
207 4 126.05
208 4 126.05
209 3 126.05
210 3 126.05
211 4 252.101
212 1 126.05
213 1 126.05
214 1 504.202

215 1 126.05
216 5 252.101
217 5 252.101
218 4 252.101
219 3 252.101
220 2 252.101
221 1 126.05
222 1 126.05
223 1 252.101

224 3 126.05
225 5 126.05
226 5 126.05
227 5 126.05
228 5 126.05
229 4 126.05
230 4 126.05
231 3 126.05
232 3 126.05
233 4 252.101
234 1 126.05
235 1 126.05
236 1 504.202

237 2 126.05
238 1 252.101
239 3 252.101
240 5 378.151
241 4 126.05
242 3 126.05
243 4 126.05
244 3 252.101
245 1 252.101

246 5 126.05
247 4 252.101
248 2 252.101
249 2 252.101
250 2 252.101
251 4 126.05
252 4 126.05
253 3 252.101
254 3 252.101
255 2 126.05

256 2 126.05
257 1 252.101
258 5 252.101
259 3 378.151
260 2 126.05
261 1 252.101
262 2 126.05
263 3 252.101
264 4 126.05
265 5 126.05

266 4 126.05
267 5 126.05
268 5 126.05
269 5 126.05
270 4 126.05
271 3 126.05
272 3 126.05
273 2 126.05
274 2 126.05
275 3 252.101
276 1 252.101
277 1 252.101
278 1 126.05

279 3 126.05
280 5 252.101
281 5 252.101
282 4 252.101
283 3 252.101
284 2 252.101
285 1 126.05
286 1 126.05
287 1 252.101
288 1 126.05

289 3 126.05
290 5 126.05
291 5 126.05
292 5 126.05
293 5 126.05
294 4 126.05
295 4 126.05
296 3 126.05
297 3 126.05
298 4 252.101
299 1 126.05
300 1 126.05
301 1 504.202

