Bad Apple
1000
138
740
1 1 434.783
2 2 434.783
3 3 434.783
4 4 108.696
5 5 108.696
6 4 108.696
7 5 108.696

8 1 434.783
9 2 434.783
10 3 434.783
11 5 217.391
12 4 217.391

13 1 434.783
14 2 434.783
15 3 434.783
16 4 108.696
17 5 108.696
18 4 108.696
19 5 108.696

20 1 434.783
21 2 434.783
22 3 434.783
23 5 217.391
24 4 217.391

25 1 434.783
26 2 434.783
27 3 434.783
28 4 108.696
29 5 108.696
30 4 108.696
31 5 108.696

32 1 434.783
33 2 434.783
34 3 434.783
35 5 217.391
36 4 217.391

37 1 434.783
38 2 434.783
39 3 434.783
40 4 108.696
41 5 108.696
42 4 108.696
43 5 108.696

44 1 434.783
45 2 434.783
46 3 434.783
47 4 434.783

48 1 434.783
49 2 434.783
50 3 434.783
51 4 434.783

52 5 434.783
53 4 434.783
54 3 217.391
55 3 217.391
56 2 217.391
57 2 217.391

58 1 434.783
59 2 434.783
60 3 434.783
61 4 434.783

62 5 434.783
63 4 434.783
64 3 217.391
65 3 217.391
66 2 217.391
67 2 217.391

68 1 434.783
69 2 434.783
70 3 434.783
71 4 434.783

72 5 434.783
73 4 434.783
74 3 217.391
75 3 217.391
76 2 217.391
77 2 217.391

78 1 434.783
79 2 434.783
80 3 434.783
81 4 434.783

82 5 434.783
83 4 434.783
84 3 434.783
85 2 434.783

86 1 217.391
87 2 217.391
88 3 217.391
89 4 217.391
90 5 434.783
91 5 217.391
92 4 217.391

93 3 434.783
94 1 434.783
95 5 217.391
96 4 217.391
97 3 217.391
98 2 217.391

99 1 217.391
100 2 217.391
101 3 217.391
102 4 217.391
103 5 434.783
104 5 217.391
105 4 217.391

106 3 217.391
107 2 217.391
108 3 217.391
109 4 217.391
110 3 217.391
111 2 217.391
112 1 217.391
113 2 217.391

114 1 217.391
115 2 217.391
116 3 217.391
117 4 217.391
118 5 434.783
119 5 217.391
120 4 217.391

121 3 434.783
122 1 434.783
123 5 217.391
124 4 217.391
125 3 217.391
126 2 217.391

127 1 217.391
128 2 217.391
129 3 217.391
130 4 217.391
131 5 434.783
132 4 217.391
133 3 217.391

134 2 434.783
135 3 434.783
136 4 434.783
137 5 434.783

138 1 217.391
139 2 217.391
140 3 217.391
141 4 217.391
142 5 434.783
143 5 217.391
144 4 217.391

145 3 434.783
146 1 434.783
147 5 217.391
148 4 217.391
149 3 217.391
150 2 217.391

151 1 217.391
152 2 217.391
153 3 217.391
154 4 217.391
155 5 434.783
156 5 217.391
157 4 217.391

158 3 217.391
159 2 217.391
160 3 217.391
161 4 217.391
162 3 217.391
163 2 217.391
164 1 217.391
165 2 217.391

166 1 217.391
167 2 217.391
168 3 217.391
169 4 217.391
170 5 434.783
171 5 217.391
172 4 217.391

173 3 434.783
174 1 434.783
175 5 217.391
176 4 217.391
177 3 217.391
178 2 217.391

179 1 217.391
180 2 217.391
181 3 217.391
182 4 217.391
183 5 434.783
184 4 217.391
185 3 217.391

186 2 434.783
187 3 434.783
188 4 434.783
189 5 434.783

190 4 217.391
191 5 217.391
192 3 217.391
193 2 217.391
194 3 434.783
195 2 217.391
196 3 217.391

197 4 217.391
198 5 217.391
199 2 217.391
200 1 217.391
201 2 434.783
202 1 217.391
203 2 217.391

204 5 217.391
205 4 217.391
206 3 217.391
207 1 217.391
208 2 434.783
209 1 217.391
210 1 217.391

211 2 217.391
212 3 217.391
213 4 217.391
214 5 217.391
215 1 434.783
216 3 217.391
217 5 217.391

218 4 217.391
219 5 217.391
220 3 217.391
221 2 217.391
222 3 434.783
223 2 217.391
224 3 217.391

225 4 217.391
226 5 217.391
227 2 217.391
228 1 217.391
229 2 434.783
230 1 217.391
231 2 217.391

232 5 217.391
233 4 217.391
234 3 217.391
235 1 217.391
236 2 434.783
237 1 217.391
238 1 217.391

239 2 217.391
240 3 217.391
241 4 217.391
242 5 217.391
243 1 434.783
244 3 217.391
245 5 217.391

246 4 217.391
247 5 217.391
248 3 217.391
249 2 217.391
250 3 434.783
251 2 217.391
252 3 217.391

253 4 217.391
254 5 217.391
255 2 217.391
256 1 217.391
257 2 434.783
258 1 217.391
259 2 217.391

260 5 217.391
261 4 217.391
262 3 217.391
263 1 217.391
264 2 434.783
265 1 217.391
266 1 217.391

267 2 217.391
268 3 217.391
269 4 217.391
270 5 217.391
271 1 434.783
272 3 217.391
273 5 217.391

274 4 217.391
275 5 217.391
276 3 217.391
277 2 217.391
278 3 434.783
279 2 217.391
280 3 217.391

281 4 217.391
282 5 217.391
283 2 217.391
284 1 217.391
285 2 434.783
286 3 217.391
287 4 217.391

288 5 217.391
289 4 217.391
290 3 217.391
291 2 217.391
292 1 434.783
293 2 217.391
294 3 217.391

295 5 217.391
296 4 217.391
297 3 217.391
298 1 217.391
299 2 434.783
300 3 434.783

301 1 217.391
302 2 217.391
303 3 217.391
304 4 217.391
305 5 869.565

306 1 217.391
307 2 217.391
308 3 217.391
309 4 217.391
310 5 869.565

311 5 217.391
312 4 217.391
313 3 217.391
314 2 217.391
315 1 434.783
316 5 217.391
317 4 217.391

318 3 217.391
319 2 217.391
320 1 217.391
321 2 217.391
322 3 434.783
323 5 434.783

324 1 217.391
325 2 217.391
326 3 217.391
327 4 217.391
328 5 869.565

329 1 217.391
330 2 217.391
331 3 217.391
332 4 217.391
333 5 869.565

334 5 217.391
335 4 217.391
336 3 217.391
337 2 217.391
338 1 434.783
339 5 217.391
340 4 217.391

341 3 217.391
342 2 217.391
343 1 217.391
344 2 217.391
345 3 434.783
346 5 434.783

347 1 217.391
348 2 217.391
349 3 217.391
350 4 217.391
351 5 869.565

352 1 217.391
353 2 217.391
354 3 217.391
355 4 217.391
356 5 869.565

357 5 217.391
358 4 217.391
359 3 217.391
360 2 217.391
361 1 434.783
362 5 217.391
363 4 217.391

364 3 217.391
365 2 217.391
366 1 217.391
367 2 217.391
368 3 434.783
369 5 434.783

370 1 217.391
371 2 217.391
372 3 217.391
373 4 217.391
374 5 869.565

375 1 217.391
376 2 217.391
377 3 217.391
378 4 217.391
379 5 434.783
380 4 217.391
381 3 217.391

382 5 217.391
383 4 217.391
384 3 217.391
385 2 217.391
386 1 434.783
387 2 217.391
388 4 217.391

389 3 217.391
390 2 217.391
391 1 217.391
392 2 217.391
393 3 434.783
394 5 434.783

395 1 434.783
396 2 434.783
397 3 434.783
398 4 434.783

399 5 434.783
400 4 434.783
401 3 217.391
402 3 217.391
403 2 217.391
404 2 217.391

405 1 434.783
406 2 434.783
407 3 434.783
408 4 434.783

409 5 434.783
410 4 434.783
411 3 217.391
412 3 217.391
413 2 217.391
414 2 217.391

415 1 434.783
416 2 434.783
417 3 434.783
418 4 434.783

419 5 434.783
420 4 434.783
421 3 217.391
422 3 217.391
423 2 217.391
424 2 217.391

425 1 434.783
426 2 434.783
427 3 434.783
428 4 434.783

429 5 434.783
430 4 434.783
431 3 434.783
432 2 434.783

433 1 217.391
434 2 217.391
435 3 217.391
436 4 217.391
437 5 434.783
438 5 217.391
439 4 217.391

440 3 434.783
441 1 434.783
442 5 217.391
443 4 217.391
444 3 217.391
445 2 217.391

446 1 217.391
447 2 217.391
448 3 217.391
449 4 217.391
450 5 434.783
451 5 217.391
452 4 217.391

453 3 217.391
454 2 217.391
455 3 217.391
456 4 217.391
457 3 217.391
458 2 217.391
459 1 217.391
460 2 217.391

461 1 217.391
462 2 217.391
463 3 217.391
464 4 217.391
465 5 434.783
466 5 217.391
467 4 217.391

468 3 434.783
469 1 434.783
470 5 217.391
471 4 217.391
472 3 217.391
473 2 217.391

474 1 217.391
475 2 217.391
476 3 217.391
477 4 217.391
478 5 434.783
479 4 217.391
480 3 217.391

481 2 434.783
482 3 434.783
483 4 434.783
484 5 434.783

485 1 217.391
486 2 217.391
487 3 217.391
488 4 217.391
489 5 434.783
490 5 217.391
491 4 217.391

492 3 434.783
493 1 434.783
494 5 217.391
495 4 217.391
496 3 217.391
497 2 217.391

498 1 217.391
499 2 217.391
500 3 217.391
501 4 217.391
502 5 434.783
503 5 217.391
504 4 217.391

505 3 217.391
506 2 217.391
507 3 217.391
508 4 217.391
509 3 217.391
510 2 217.391
511 1 217.391
512 2 217.391

513 1 217.391
514 2 217.391
515 3 217.391
516 4 217.391
517 5 434.783
518 5 217.391
519 4 217.391

520 3 434.783
521 1 434.783
522 5 217.391
523 4 217.391
524 3 217.391
525 2 217.391

526 1 217.391
527 2 217.391
528 3 217.391
529 4 217.391
530 5 434.783
531 4 217.391
532 3 217.391

533 2 434.783
534 3 434.783
535 4 434.783
536 5 434.783

537 4 217.391
538 5 217.391
539 3 217.391
540 2 217.391
541 3 434.783
542 2 217.391
543 3 217.391

544 4 217.391
545 5 217.391
546 2 217.391
547 1 217.391
548 2 434.783
549 1 217.391
550 2 217.391

551 5 217.391
552 4 217.391
553 3 217.391
554 1 217.391
555 2 434.783
556 1 217.391
557 1 217.391

558 2 217.391
559 3 217.391
560 4 217.391
561 5 217.391
562 1 434.783
563 3 217.391
564 5 217.391

565 4 217.391
566 5 217.391
567 3 217.391
568 2 217.391
569 3 434.783
570 2 217.391
571 3 217.391

572 4 217.391
573 5 217.391
574 2 217.391
575 1 217.391
576 2 434.783
577 1 217.391
578 2 217.391

579 5 217.391
580 4 217.391
581 3 217.391
582 1 217.391
583 2 434.783
584 1 217.391
585 1 217.391

586 2 217.391
587 3 217.391
588 4 217.391
589 5 217.391
590 1 434.783
591 3 217.391
592 5 217.391

593 4 217.391
594 5 217.391
595 3 217.391
596 2 217.391
597 3 434.783
598 2 217.391
599 3 217.391

600 4 217.391
601 5 217.391
602 2 217.391
603 1 217.391
604 2 434.783
605 1 217.391
606 2 217.391

607 5 217.391
608 4 217.391
609 3 217.391
610 1 217.391
611 2 434.783
612 1 217.391
613 1 217.391

614 2 217.391
615 3 217.391
616 4 217.391
617 5 217.391
618 1 434.783
619 3 217.391
620 5 217.391

621 4 217.391
622 5 217.391
623 3 217.391
624 2 217.391
625 3 434.783
626 2 217.391
627 3 217.391

628 4 217.391
629 5 217.391
630 2 217.391
631 1 217.391
632 2 434.783
633 3 217.391
634 4 217.391

635 5 217.391
636 4 217.391
637 3 217.391
638 2 217.391
639 1 434.783
640 2 217.391
641 3 217.391

642 5 217.391
643 4 217.391
644 3 217.391
645 1 217.391
646 2 434.783
647 3 434.783

648 1 217.391
649 2 217.391
650 3 217.391
651 4 217.391
652 5 869.565

653 1 217.391
654 2 217.391
655 3 217.391
656 4 217.391
657 5 869.565

658 5 217.391
659 4 217.391
660 3 217.391
661 2 217.391
662 1 434.783
663 5 217.391
664 4 217.391

665 3 217.391
666 2 217.391
667 1 217.391
668 2 217.391
669 3 434.783
670 5 434.783

671 1 217.391
672 2 217.391
673 3 217.391
674 4 217.391
675 5 869.565

676 1 217.391
677 2 217.391
678 3 217.391
679 4 217.391
680 5 869.565

681 5 217.391
682 4 217.391
683 3 217.391
684 2 217.391
685 1 434.783
686 5 217.391
687 4 217.391

688 3 217.391
689 2 217.391
690 1 217.391
691 2 217.391
692 3 434.783
693 5 434.783

694 1 217.391
695 2 217.391
696 3 217.391
697 4 217.391
698 5 869.565

699 1 217.391
700 2 217.391
701 3 217.391
702 4 217.391
703 5 869.565

704 5 217.391
705 4 217.391
706 3 217.391
707 2 217.391
708 1 434.783
709 5 217.391
710 4 217.391

711 3 217.391
712 2 217.391
713 1 217.391
714 2 217.391
715 3 434.783
716 5 434.783

717 1 217.391
718 2 217.391
719 3 217.391
720 4 217.391
721 5 869.565

722 1 217.391
723 2 217.391
724 3 217.391
725 4 217.391
726 5 434.783
727 4 217.391
728 3 217.391

729 5 217.391
730 4 217.391
731 3 217.391
732 2 217.391
733 1 434.783
734 2 217.391
735 4 217.391

736 3 217.391
737 2 217.391
738 1 217.391
739 2 217.391
740 1 869.565